﻿Time (Years),Pressure at the OWC (psia),Plateau Pressure levels (psia),Dp (psi)
0,2740,,120
1,2500,2620,225
2,2290,2395,196
3,2109,2199,170
4,1949,2029,146
5,1818,1883,123
6,1702,1760,105
7,1608,1655,84
8,1635,1571,64
9,1480,1507,47
10,1440,1460,
